40
186
571
774
1075
1303
1552
1572
1670
1772
1777
1781
1871
1910
1982
2050
2594
2642
2736
2875
3016
3032
3046
3161
3410
3697
3724
3736
3853
3957
4118
4237
4329
4423
4485
4528
4675
4782
4930
4951
5021
5088
5135
5250
5412
5437
5445
5549
5567
5708
5723
5879
5890
5906
6038
6183
6205
6334
6443
6456
6495
6559
6819
7460
7532
7532
7543
7584
7658
7816
7903
7960
7995
8008
8076
8237
8283
8304
8508
8509
8539
8540
8742
8776
8800
8926
8989
8996
9084
9210
9234
9357
9418
9487
9509
9710
9770
9883
10020
10058
10233
10274
10344
10591
10722
10766
10878
10950
11026
11029
11032
11210
11339
11429
11475
11537
11571
11671
11900
11967
11972
11995
12158
12382
12428
12579
12751
12906
13178
13303
13320
13327
13394
13492
13520
13577
13640
13679
14181
14209
14407
14478
14514
14662
14700
14732
14887
14961
15055
15229
15243
15261
15376
15423
15553
15606
15797
15891
16287
16584
16699
16963
17058
17126
17309
17415
17428
17473
17611
17872
17906
18145
18276
18486
18489
18518
18545
18625
18674
18692
18808
19099
19101
19139
19442
19675
20208
20224
20256
20326
20448
20753
20812
20933
21082
21310
21460
21539
21565
21780
21907
22133
22219
22507
22661
22986
23068
23074
23160
23279
23325
23718
23811
23844
23848
23911
23999
24156
24158
24202
24202
24255
24378
24443
24478
24773
24915
25002
25004
25007
25083
25161
25269
25285
25289
25299
25509
25998
26118
26120
26165
26283
26325
26484
26571
26598
26732
26733
26792
26835
27003
27195
27320
27330
27593
27624
27629
27685
27730
27902
27931
28032
28158
28195
28195
28200
28215
28234
28330
28519
28522
28533
28596
28636
28718
28732
28755
28956
29001
29060
29130
29225
29293
29315
29375
29475
29532
29647
29802
29846
29868
29960
30076
30080
30119
30533
30548
30624
30681
30763
30844
30999
31124
31223
31249
31496
31606
31866
31872
31925
32042
32084
32112
32117
32136
32138
32357
32406
32556
32872
32992
33119
33265
33408
33767
33817
33828
34017
34123
34158
34181
34301
34471
34558
34708
34708
34752
34779
34988
35115
35189
35203
35318
35380
35493
35496
35649
35777
35974
36010
36376
36482
36503
36636
36722
36809
36862
37003
37646
37946
38041
38124
38259
38310
38447
38461
38473
38560
38873
38937
38987
39051
39071
39260
39302
39483
39538
39607
39644
39909
40010
40053
40236
40249
40490
40556
40730
41328
41410
41735
41751
41831
42052
42254
42276
42357
42469
42502
42585
42641
42700
42726
42851
42859
42938
43056
43067
43073
43217
43424
43465
43484
43492
43537
43834
43856
43879
43911
43958
44094
44121
44470
44636
44675
44772
44802
44838
44856
44874
45038
45327
45404
45487
45599
45866
45912
45977
46157
46168
46190
46275
46277
46508
46781
46819
46965
47026
47111
47170
47209
47547
47653
47881
47979
48023
48050
48091
48130
48319
48384
48522
48545
48715
48731
48798
48873
48936
48988
49060
49127
49129
49278
49291
49393
49540
49640
49830
49885
50266
50478
50618
50833
50869
51251
51422
51530
51751
51760
51800
51867
51931
51986
52058
52209
52271
52621
52657
52797
52874
52998
53008
53030
53085
53145
53235
53304
53310
53329
53414
53533
53572
53647
53735
53812
53953
53960
54018
54243
54327
54380
54435
54451
54504
54607
54727
54820
54826
54933
55055
55074
55193
55234
55341
55361
55550
55650
55751
55977
56056
56197
56439
56555
56576
56649
56926
56967
57225
57237
57313
57446
57476
57579
57658
57716
57819
57943
58010
58139
58194
58493
58523
58940
59060
59067
59105
59148
59199
59203
59287
59368
59458
59624
59930
59955
60101
60124
60182
60361
60526
60633
60682
60711
60726
60836
61059
61075
61178
61190
61214
61264
61295
61395
61480
61655
61731
61825
61830
62014
62120
62133
62357
62374
62400
62544
62621
62634
62727
62880
62920
63147
63240
63260
63293
63360
63383
63480
63515
63725
63872
63903
63928
64151
64212
64285
64287
64332
64490
64521
64750
64888
64920
65009
65180
65412
65439
65476
65550
65584
65593
65628
65633
66217
66520
66523
66542
66646
66820
67074
67210
67214
67260
67311
67361
67449
67474
67534
67599
67622
67635
67691
67703
67786
67861
67981
68036
68301
68314
68418
68627
68701
68745
68775
68955
69172
69213
69382
69407
69658
69707
69787
69795
69865
70033
70047
70084
70130
70246
70286
70302
70400
70434
70528
70582
70622
70626
70658
71211
71265
71359
71371
71377
71612
71722
71740
71768
71947
71963
71983
72024
72105
72137
72246
72261
72345
72372
72485
72572
72935
73033
73047
73057
73213
73266
73298
73442
73522
73601
73605
73764
73799
74035
74239
74417
74505
74538
74541
74568
74658
74813
74972
75013
75037
75127
75167
75202
75238
75603
75649
75707
75742
75764
75824
76072
76269
76304
76350
76351
76466
76608
76772
76793
76925
77150
77231
77314
77338
77588
77628
77724
77766
77797
77978
78007
78356
78374
78526
78582
78594
78625
78652
78710
78925
78950
79045
79048
79103
79109
79200
79468
79484
79671
79675
79914
79976
80426
80507
80565
80740
80801
80825
80940
80966
81091
81113
81115
81157
81167
81474
81582
81632
81686
81741
81868
81918
82056
82221
82272
82313
82321
82326
82401
82506
82515
82602
82647
82666
82728
82732
82774
82855
82869
82937
83115
83236
83276
83341
83487
83513
83546
83551
83557
83767
83792
83831
83862
83969
83996
84061
84144
84548
84657
84805
84878
84897
84948
85102
85140
85147
85235
85274
85352
85448
85510
85513
85600
85764
85865
85866
85973
86109
86246
86456
86777
86865
86919
86996
87044
87074
87146
87209
87518
87749
87749
87766
88048
88114
88148
88263
88334
88408
88476
88561
88599
88672
88687
88706
88914
89086
89322
89412
89527
89598
89668
89673
89833
90114
90180
90212
90543
90553
90602
90729
90769
90892
90896
90896
91079
91167
91218
91266
91297
91326
91354
91393
91444
91608
91805
91816
91925
92318
92377
92435
92445
92447
92456
92512
92558
92579
92645
92651
92672
92672
92980
93053
93264
93340
93488
93660
93686
93699
93713
93885
94160
94312
94363
94366
94466
94475
94680
94813
95095
95160
95208
95478
95480
95648
95816
95833
95886
96242
96267
96420
96937
97092
97152
97157
97205
97302
97335
97348
97471
97716
97718
97847
98081
98207
98274
98488
98623
98732
98999
99203
99423
99430
99465
99491
99550
99642
99789
99881
