52797
26484
65476
48023
30681
46819
47979
82506
7543
28519
80426
5549
75037
53960
42357
54727
62880
18489
91079
53735
39302
82272
30844
97205
53145
5437
65633
83276
14961
15261
42938
18674
32136
60101
71371
97348
71377
76351
61075
45599
20812
31925
92645
34158
63515
12579
67622
80801
54435
85865
31606
5890
13520
11571
89673
57579
9234
67214
52998
93488
8742
22507
65439
91266
13679
27629
59368
61731
83767
76772
81091
55193
74417
70582
7995
84061
79045
29001
51867
32992
71983
99423
5879
91608
93686
64212
46277
24202
6334
76269
44121
85866
75013
41751
77231
5135
97302
24915
58010
79484
12428
71722
8926
71947
70033
35974
24158
54607
28200
44636
53304
17872
80507
57446
30999
53235
82728
59955
54933
21565
61190
78925
83996
39051
36862
24255
88114
48522
91925
42641
31866
95160
38873
14700
15055
92512
26120
39538
25161
47209
28636
28533
78950
8989
27320
73605
43537
26325
76608
64285
30763
17428
96242
2642
53030
11339
186
5412
13577
74541
93340
88687
79671
14732
25007
2050
53310
45327
86996
16287
10766
1777
83792
71612
29647
23911
82401
61830
60182
57313
70286
63903
25998
81115
11210
22133
58940
39607
90896
61480
82321
40730
87044
35496
57476
85764
81582
10950
99642
11429
56926
53414
50869
58139
82602
5906
70084
26283
3724
46168
63383
46190
88672
67210
31249
66820
79675
50478
53647
63240
17126
91326
68775
73601
76072
92435
26792
2594
61655
62400
15891
70246
59203
43911
64888
42469
24202
48798
23811
52874
27593
95648
11995
14181
42585
29802
1781
21907
70658
55234
75167
73057
56439
23160
50618
58194
33828
3161
27730
36503
79048
9210
38560
70400
20224
65180
26165
78710
67635
72261
93264
65628
83969
84144
76925
96420
9710
4951
8776
20208
95208
99550
14514
85235
68036
46275
91297
52621
81918
67981
77150
90896
51800
48988
92579
25509
78582
82647
91354
25004
6559
97092
4782
28718
36809
75238
1772
59624
40556
19099
15606
20326
77978
8283
7584
40236
29960
67786
47547
27624
92980
91218
91805
81474
70626
62133
30080
34988
19139
78374
54820
35115
68955
12158
78625
10591
49393
32084
88476
44772
89412
72345
79103
48936
53812
59105
52058
26732
1303
94366
1910
31124
18518
53572
36482
41410
92377
74813
94160
29846
32112
4675
28032
44856
41831
18625
23999
11026
74658
52271
7960
34779
70302
63928
75824
9084
89322
98623
49291
30533
9418
38987
20256
77766
41735
9487
97152
51530
58493
46965
7658
43492
97157
62727
43958
83513
20933
99203
59067
13178
70528
27685
35777
47170
37946
42726
53329
13492
29475
83487
71211
8509
62120
52657
34301
63480
55361
9509
79109
95480
38461
85274
86919
7532
92447
6183
86456
10274
85448
12382
55977
60633
40249
29375
12751
51760
93713
82732
6443
42851
69172
46508
52209
87518
84897
81157
49129
5021
64490
47653
30119
39909
98274
81167
80565
72572
28755
69787
44675
75649
97716
11671
10878
59458
97718
17415
30624
13327
16584
83551
78526
29130
49830
87766
6038
88334
83115
46781
75707
4528
14407
33767
88561
39644
93885
73799
33265
54018
8539
22986
92445
7903
27931
89833
38937
5250
57819
75764
42700
59287
19101
95886
87749
63872
80966
90729
67703
74568
29225
55074
88408
39071
43424
90892
56576
67861
89668
38041
74505
2875
10020
48545
92672
24478
3853
48130
94363
35189
51751
72137
99491
72372
28330
72024
78356
31496
86777
63360
60361
26598
74972
26571
7532
75202
60711
77628
98207
71265
1871
97471
32357
1552
96267
46157
26733
68418
85513
90553
15423
5088
67361
42859
9357
8304
91816
41328
96937
67599
77724
4237
87209
40490
88599
53533
6819
8508
49127
35493
62544
50266
67074
62357
72246
84657
49278
61059
48873
69795
64920
43067
94466
91444
14478
2736
24156
38473
8540
10722
93699
42254
47111
93660
48384
51931
17058
81686
45977
28158
93053
61295
31872
64151
35649
92651
60726
84805
29060
37646
65593
32138
90769
97847
72935
18486
15243
79914
49885
17611
84878
90180
48731
68314
92672
9770
82855
85147
73213
16963
28195
6456
31223
4485
94813
61264
90212
85973
54243
3410
57716
98081
40053
43856
18145
82515
61395
10233
19442
75742
82326
76466
15553
43217
23279
34708
63147
69658
35318
26835
48050
57237
82666
13394
34558
89527
44470
34181
89086
90602
12906
6495
28522
45912
21460
14662
83236
54380
84548
67534
44838
49640
67691
39483
89598
62374
36010
64750
29868
95478
48091
25083
47881
49060
72105
56197
8996
63260
1572
99881
34752
43465
39260
45487
40010
94680
99465
37003
3032
19675
51251
70130
42502
28956
88263
67474
21310
69707
64287
99430
83341
5567
78007
13303
56555
69407
25269
43879
23325
67260
62621
4930
67311
33119
42052
3016
55055
21539
83557
72485
40
77797
49540
3697
87146
43834
73047
25299
6205
42276
70434
5723
54826
30548
38310
59148
22661
32406
94475
76793
62014
35203
73033
55650
82937
87749
25002
63725
84948
45866
7460
63293
51986
90543
66646
11900
92456
87074
33408
74538
1982
62634
53008
9883
62920
54451
65550
38447
71740
21082
38124
61178
3046
15229
25285
73298
77338
88148
571
10058
98488
32872
58523
68627
66523
76350
34017
73442
51422
98999
23718
91167
34471
94312
23068
55751
85140
80825
11475
34123
43484
44094
28215
48715
20753
17309
82056
74239
14209
5708
28732
43073
56056
22219
32117
26118
80940
29532
97335
4118
1670
77314
27003
8237
28596
82313
5445
88048
54504
23848
59930
60124
53953
17473
82869
1075
13640
85600
24378
75127
18692
65412
80740
28234
68701
81632
11032
38259
86865
64521
11537
83862
15797
11972
65584
83546
64332
78594
65009
60682
81113
24443
68745
10344
82774
71359
23844
79468
57225
95816
24773
23074
95833
33817
27902
66217
82221
85510
69865
83831
79976
85102
60836
8800
16699
45038
36722
92318
57658
92558
57943
70047
98732
91393
36636
32556
85352
81741
59060
59199
81868
77588
45404
50833
74035
32042
55341
88706
86246
18545
4423
54327
34708
78652
3736
68301
17906
55550
73266
44874
66520
66542
8008
13320
36376
67449
95095
27330
30076
27195
90114
69213
75603
61825
61214
56967
73522
73764
774
79200
48319
4329
86109
15376
3957
35380
43056
47026
88914
69382
29293
29315
21780
76304
7816
71768
14887
20448
25289
71963
60526
70622
44802
56649
11967
53085
8076
11029
99789
28195
18276
18808
